1 5.00679016113e-06
3 7.86781311035e-06
4 7.15255737305e-06
5 1.59740447998e-05
7 1.59740447998e-05
8 2.00271606445e-05
9 1.78813934326e-05
11 2.8133392334e-05
12 1.4066696167e-05
13 2.59876251221e-05
14 2.8133392334e-05
15 2.71797180176e-05
17 2.88486480713e-05
18 3.09944152832e-05
19 2.09808349609e-05
20 2.00271606445e-05
21 2.38418579102e-05
22 2.28881835938e-05
23 2.28881835938e-05
24 2.38418579102e-05
25 4.31537628174e-05
26 2.78949737549e-05
27 2.69412994385e-05
28 2.78949737549e-05
29 2.98023223877e-05
30 4.41074371338e-05
31 3.00407409668e-05
32 3.19480895996e-05
33 5.41210174561e-05
34 3.09944152832e-05
35 3.09944152832e-05
36 6.00814819336e-05
38 4.19616699219e-05
42 4.00543212891e-05
43 7.29560852051e-05
44 4.60147857666e-05
45 4.31537628174e-05
46 4.38690185547e-05
47 4.38690185547e-05
48 4.48226928711e-05
50 5.3882598877e-05
51 4.60147857666e-05
52 4.88758087158e-05
53 5.10215759277e-05
54 5.19752502441e-05
55 6.19888305664e-05
56 9.79900360107e-05
57 5.29289245605e-05
59 0.000121831893921
60 9.10758972168e-05
61 5.91278076172e-05
62 5.69820404053e-05
63 7.48634338379e-05
65 6.00814819336e-05
66 6.41345977783e-05
67 6.91413879395e-05
68 6.91413879395e-05
69 6.41345977783e-05
71 0.000103950500488
72 6.19888305664e-05
74 6.29425048828e-05
78 7.79628753662e-05
80 0.000127077102661
81 6.8187713623e-05
82 0.00014591217041
83 8.79764556885e-05
84 7.60555267334e-05
85 7.89165496826e-05
86 7.82012939453e-05
87 8.29696655273e-05
88 7.70092010498e-05
89 7.20024108887e-05
90 7.89165496826e-05
91 7.79628753662e-05
92 8.20159912109e-05
93 8.39233398438e-05
94 0.000148057937622
95 7.70092010498e-05
96 0.000158071517944
97 9.48905944824e-05
98 0.000118970870972
99 0.000102996826172
100 0.000124931335449
102 0.000168085098267
103 0.00018310546875
104 8.79764556885e-05
105 0.000105142593384
106 8.70227813721e-05
107 8.79764556885e-05
108 9.08374786377e-05
109 8.79764556885e-05
110 0.00010085105896
111 9.91821289062e-05
112 9.89437103271e-05
113 8.89301300049e-05
114 0.00018310546875
117 0.000194072723389
118 0.000104904174805
119 0.000100135803223
120 0.000103950500488
121 9.89437103271e-05
122 0.000114917755127
123 0.000101089477539
124 0.000111103057861
126 0.000195980072021
127 0.000113010406494
128 0.000155925750732
129 0.000186920166016
130 0.000127792358398
131 0.000109910964966
133 0.000108957290649
134 0.000109910964966
135 0.000110149383545
137 0.000126123428345
138 0.000195980072021
139 0.000123977661133
140 0.000123023986816
141 0.000223159790039
142 0.000121116638184
143 0.000131130218506
144 0.000118970870972
145 0.000127792358398
146 0.00011682510376
147 0.000123023986816
148 0.000134944915771
149 0.000188112258911
150 0.000152111053467
151 0.000157833099365
152 0.000123023986816
153 0.000128030776978
155 0.000182867050171
156 0.000180959701538
157 0.000277042388916
158 0.000146865844727
159 0.000141143798828
160 0.000128030776978
161 0.000163078308105
162 0.000143051147461
163 0.000134944915771
164 0.00014591217041
165 0.0001380443573
166 0.000262975692749
167 0.000184059143066
168 0.000159978866577
169 0.000255107879639
170 0.000138998031616
172 0.000277042388916
173 0.000143051147461
174 0.000156164169312
175 0.000144958496094
176 0.000137090682983
177 0.000234842300415
178 0.000149965286255
180 0.000283002853394
181 0.000151872634888
182 0.00015115737915
183 0.000288009643555
184 0.000162124633789
185 0.00015115737915
186 0.00015115737915
187 0.0001540184021
188 0.000225067138672
189 0.000250101089478
190 0.000177145004272
191 0.000317096710205
192 0.000174999237061
193 0.000185966491699
194 0.000171899795532
195 0.00019907951355
196 0.000221014022827
197 0.000184059143066
198 0.000294923782349
199 0.000180006027222
201 0.000181913375854
202 0.000178813934326
204 0.000352144241333
205 0.000191926956177
206 0.000189065933228
207 0.000174999237061
208 0.000173091888428
210 0.000247955322266
211 0.000297069549561
212 0.000259876251221
213 0.000207901000977
214 0.000180006027222
215 0.000174045562744
216 0.000178813934326
217 0.000308990478516
218 0.000202894210815
219 0.00019907951355
220 0.000195980072021
221 0.000186204910278
222 0.00019097328186
223 0.000207901000977
224 0.000200033187866
225 0.000235080718994
226 0.000211954116821
227 0.000207185745239
228 0.00018310546875
229 0.000185966491699
230 0.000216007232666
233 0.000283002853394
234 0.000223875045776
235 0.000214099884033
236 0.000213146209717
237 0.000334024429321
238 0.000231027603149
239 0.000187873840332
240 0.000211954116821
241 0.000204086303711
242 0.000200986862183
243 0.000213861465454
244 0.000272989273071
245 0.00027322769165
246 0.000190019607544
247 0.000248908996582
248 0.000227928161621
249 0.000202894210815
250 0.000197887420654
251 0.000221014022827
253 0.000383853912354
255 0.000209808349609
256 0.000205993652344
257 0.000231981277466
258 0.00021505355835
259 0.000324010848999
260 0.000228881835938
261 0.000228881835938
263 0.000421047210693
264 0.000240087509155
265 0.000226974487305
266 0.000463008880615
267 0.000219106674194
268 0.000241994857788
269 0.00037407875061
270 0.000239849090576
271 0.000211954116821
272 0.00042200088501
273 0.000214815139771
274 0.000227212905884
275 0.000229120254517
276 0.000244855880737
278 0.000472068786621
279 0.000227212905884
280 0.000236988067627
281 0.00025200843811
282 0.000237941741943
283 0.000247955322266
284 0.000280857086182
285 0.000254154205322
286 0.000221967697144
287 0.000233888626099
288 0.000233888626099
289 0.000252962112427
290 0.000246047973633
291 0.000250816345215
292 0.000324964523315
293 0.00023889541626
294 0.000239849090576
295 0.000298023223877
296 0.000241994857788
297 0.000266790390015
298 0.000235080718994
299 0.000236034393311
300 0.00025200843811
301 0.000256061553955
302 0.000457048416138
303 0.000249862670898
304 0.000267028808594
305 0.000267028808594
306 0.000241041183472
307 0.000272035598755
308 0.000279903411865
309 0.000272035598755
310 0.000344038009644
311 0.000261068344116
312 0.000245809555054
314 0.000296115875244
315 0.00036096572876
316 0.000285148620605
317 0.000276803970337
318 0.000249862670898
319 0.000275850296021
320 0.0002601146698
322 0.00049901008606
323 0.000414133071899
324 0.000289916992188
325 0.000283002853394
326 0.000274896621704
327 0.0002760887146
328 0.000303030014038
329 0.000312805175781
330 0.000259876251221
331 0.000492811203003
332 0.000287055969238
334 0.000498056411743
335 0.000338077545166
336 0.000354051589966
337 0.000296115875244
338 0.000279903411865
339 0.000295877456665
340 0.000339031219482
341 0.00026798248291
343 0.000304937362671
344 0.000312089920044
345 0.000309944152832
346 0.000391006469727
347 0.000324010848999
348 0.000338077545166
349 0.000288009643555
350 0.000501155853271
351 0.000319957733154
352 0.000310897827148
353 0.000337839126587
354 0.000338077545166
355 0.000319004058838
356 0.000311851501465
357 0.000295877456665
358 0.000288009643555
359 0.000460147857666
361 0.000290155410767
362 0.000569105148315
364 0.000443935394287
365 0.000297069549561
366 0.000304222106934
367 0.000555992126465
368 0.000372886657715
369 0.000294923782349
370 0.00033712387085
371 0.000331163406372
372 0.000411987304688
373 0.000372171401978
375 0.000431060791016
376 0.000344038009644
377 0.000349998474121
378 0.000293970108032
379 0.000338077545166
380 0.000333786010742
382 0.000411033630371
383 0.000631093978882
384 0.000326156616211
385 0.00037693977356
386 0.000334024429321
387 0.000308036804199
388 0.000524997711182
389 0.000447034835815
390 0.000321865081787
391 0.000341176986694
392 0.000330924987793
393 0.000401973724365
394 0.000346899032593
395 0.00031304359436
398 0.00049901008606
399 0.000334978103638
400 0.000354051589966
401 0.000446796417236
403 0.000488996505737
404 0.000350952148438
405 0.000361919403076
406 0.000334024429321
408 0.000643968582153
409 0.000366926193237
411 0.000363111495972
412 0.000419139862061
413 0.000365972518921
414 0.000391006469727
415 0.000342130661011
418 0.000379085540771
419 0.000370025634766
421 0.000365018844604
422 0.000583171844482
423 0.000607967376709
424 0.000403165817261
425 0.000329971313477
426 0.000593185424805
427 0.000369071960449
428 0.000366926193237
430 0.000416040420532
431 0.000349044799805
432 0.000360012054443
433 0.000363826751709
434 0.000377893447876
435 0.000339984893799
436 0.000360012054443
437 0.000378131866455
438 0.000359058380127
439 0.000386953353882
440 0.00036883354187
441 0.000353097915649
442 0.000354051589966
443 0.000419855117798
444 0.000686883926392
445 0.00039005279541
446 0.000375032424927
447 0.000842094421387
449 0.000399112701416
450 0.00039005279541
452 0.000364065170288
453 0.000350952148438
455 0.000387907028198
456 0.00037407875061
457 0.000854015350342
458 0.000370979309082
459 0.000397920608521
461 0.000541925430298
462 0.000386953353882
463 0.000411033630371
464 0.000434875488281
465 0.00038480758667
466 0.000408172607422
467 0.000375986099243
468 0.000385046005249
469 0.000695943832397
470 0.000530004501343
471 0.000416040420532
472 0.00042200088501
473 0.000409841537476
474 0.00042200088501
475 0.000433921813965
476 0.000471115112305
477 0.000385046005249
478 0.000668048858643
479 0.000845909118652
480 0.000462055206299
481 0.000480175018311
482 0.000532150268555
484 0.000618934631348
485 0.000404119491577
486 0.000480890274048
487 0.000401020050049
488 0.000416040420532
489 0.000416040420532
490 0.000867128372192
491 0.00040602684021
492 0.000421047210693
493 0.000410079956055
494 0.000404119491577
495 0.000432014465332
496 0.000427007675171
497 0.000395059585571
498 0.000425100326538
499 0.000455856323242
500 0.000479936599731
501 0.000437021255493
502 0.000460863113403
503 0.000501155853271
504 0.000401973724365
505 0.000443935394287
506 0.00059700012207
507 0.000515937805176
508 0.000417947769165
509 0.000423908233643
510 0.000494956970215
511 0.000739812850952
512 0.000419139862061
513 0.000493049621582
514 0.000591039657593
515 0.00046706199646
516 0.000446796417236
517 0.000432014465332
518 0.000464200973511
519 0.000454902648926
520 0.000443935394287
521 0.000426054000854
522 0.000577926635742
523 0.000452041625977
525 0.000953912734985
526 0.000461101531982
527 0.000447988510132
528 0.000504970550537
529 0.000457048416138
530 0.000467777252197
531 0.000464916229248
532 0.00042200088501
533 0.000476837158203
534 0.000484943389893
536 0.000414133071899
537 0.000509977340698
538 0.000432968139648
539 0.000458955764771
540 0.000753879547119
541 0.000434160232544
542 0.000428915023804
543 0.000453948974609
544 0.000468969345093
545 0.000492095947266
546 0.000442981719971
547 0.000489950180054
548 0.000809907913208
549 0.000464916229248
550 0.000481128692627
551 0.000461101531982
552 0.000952959060669
553 0.00045919418335
554 0.000532150268555
555 0.000473976135254
556 0.000518798828125
558 0.000679969787598
559 0.000493049621582
560 0.000533103942871
561 0.000460863113403
562 0.000577926635742
563 0.000498056411743
564 0.000472068786621
565 0.000492095947266
567 0.000848054885864
568 0.000487089157104
569 0.000882863998413
570 0.000482082366943
571 0.000492095947266
572 0.000783205032349
573 0.000517845153809
575 0.000540018081665
576 0.000859975814819
577 0.000622034072876
578 0.000515937805176
579 0.000874996185303
580 0.000502109527588
581 0.000501155853271
582 0.000738859176636
583 0.00049901008606
584 0.000624895095825
585 0.000478982925415
586 0.000523090362549
587 0.000472068786621
588 0.000893115997314
589 0.000545978546143
590 0.000495910644531
591 0.000478982925415
592 0.000545024871826
593 0.000509977340698
594 0.000480890274048
595 0.000680923461914
596 0.000915050506592
597 0.00054407119751
598 0.000549077987671
599 0.000523090362549
600 0.000520944595337
601 0.00100302696228
602 0.000519037246704
603 0.000970840454102
604 0.000548124313354
605 0.000530004501343
606 0.000476121902466
607 0.000503063201904
608 0.000611066818237
609 0.000475168228149
610 0.000495910644531
611 0.000492095947266
613 0.000587940216064
614 0.000499963760376
615 0.000762939453125
616 0.00052809715271
617 0.000771045684814
618 0.000519990921021
619 0.000767946243286
620 0.000481128692627
621 0.00101208686829
622 0.000725030899048
623 0.000511169433594
624 0.000547885894775
625 0.000612020492554
627 0.000529050827026
629 0.000514984130859
630 0.000762939453125
631 0.000961065292358
632 0.000524044036865
634 0.000530958175659
636 0.000945091247559
637 0.000576972961426
638 0.000813007354736
639 0.0010039806366
640 0.000665903091431
641 0.000531911849976
642 0.000552177429199
643 0.00106501579285
645 0.000625848770142
647 0.000540018081665
648 0.000576019287109
649 0.000531911849976
650 0.00101590156555
651 0.000557899475098
652 0.000616073608398
653 0.00053596496582
654 0.000653028488159
656 0.000602006912231
657 0.000555992126465
658 0.000562906265259
659 0.000550985336304
660 0.00080394744873
661 0.000833034515381
662 0.000546932220459
664 0.000881910324097
665 0.00120401382446
666 0.000851154327393
667 0.00058388710022
668 0.000556945800781
669 0.000663042068481
670 0.000701904296875
671 0.000898122787476
672 0.000560998916626
674 0.000550985336304
676 0.00118112564087
677 0.000550031661987
678 0.00103712081909
680 0.000632047653198
681 0.000644207000732
682 0.00055193901062
683 0.000563144683838
684 0.000602960586548
686 0.00061297416687
688 0.00076699256897
689 0.000552892684937
690 0.000627040863037
691 0.000530004501343
692 0.000756978988647
693 0.000672101974487
694 0.000549077987671
695 0.00065279006958
696 0.000579833984375
697 0.000779867172241
698 0.000572204589844
699 0.000611066818237
700 0.000612020492554
701 0.000582933425903
702 0.000705003738403
703 0.000549077987671
704 0.000586986541748
705 0.000550985336304
706 0.000600099563599
707 0.000610113143921
708 0.000601053237915
709 0.000757932662964
710 0.000553846359253
711 0.000565052032471
712 0.000574111938477
713 0.000602006912231
714 0.000587940216064
715 0.000642061233521
716 0.000669956207275
717 0.000638008117676
718 0.000571012496948
719 0.0010941028595
720 0.000613927841187
722 0.00058913230896
723 0.000657081604004
724 0.000601053237915
725 0.000975847244263
726 0.000767946243286
727 0.000624895095825
729 0.000603914260864
731 0.000730991363525
732 0.000744104385376
733 0.000625133514404
734 0.000574111938477
735 0.000645160675049
736 0.000576019287109
737 0.000935077667236
738 0.00076699256897
739 0.000618934631348
740 0.000638008117676
741 0.000791072845459
743 0.00086522102356
744 0.000936985015869
745 0.000633001327515
746 0.000679016113281
747 0.000640869140625
748 0.000699996948242
749 0.000762939453125
750 0.000611066818237
751 0.000958919525146
752 0.00085186958313
753 0.00121378898621
754 0.000699043273926
755 0.000637054443359
756 0.000648021697998
757 0.00120115280151
758 0.00066089630127
759 0.00058388710022
760 0.00116181373596
761 0.000727891921997
762 0.000648975372314
763 0.000647068023682
764 0.00104784965515
765 0.000664949417114
767 0.00061297416687
769 0.000709056854248
770 0.000633955001831
771 0.000640869140625
772 0.000656843185425
773 0.000629901885986
774 0.00110411643982
775 0.00110793113708
776 0.000663995742798
777 0.000646114349365
778 0.000667095184326
779 0.000610113143921
780 0.000746011734009
781 0.000883102416992
783 0.000702142715454
784 0.000895023345947
785 0.00107192993164
786 0.000692129135132
788 0.000700950622559
789 0.000730991363525
790 0.000727891921997
791 0.000687122344971
792 0.000792980194092
794 0.00078010559082
795 0.000699996948242
796 0.00120186805725
797 0.000679969787598
799 0.000624895095825
800 0.000642061233521
801 0.000940084457397
802 0.00062108039856
803 0.000746011734009
804 0.00108599662781
805 0.000683069229126
806 0.000715970993042
807 0.000778913497925
809 0.000833034515381
810 0.000802040100098
811 0.000869035720825
812 0.00140500068665
813 0.000751972198486
814 0.000699043273926
815 0.00068211555481
816 0.000678062438965
817 0.000663042068481
818 0.000636100769043
819 0.000679016113281
820 0.0012891292572
821 0.000638008117676
822 0.000977993011475
823 0.000633955001831
824 0.000767946243286
825 0.000691890716553
826 0.000768184661865
829 0.00138211250305
830 0.000671863555908
831 0.000759840011597
832 0.000773906707764
833 0.00081205368042
834 0.00063681602478
835 0.000837802886963
836 0.000655889511108
837 0.000715017318726
838 0.000699043273926
839 0.000666856765747
840 0.00139999389648
841 0.000699043273926
842 0.00065803527832
843 0.000669002532959
844 0.000679969787598
845 0.000708103179932
846 0.000668048858643
847 0.000691890716553
848 0.00066614151001
849 0.0010941028595
851 0.000693082809448
852 0.000694036483765
853 0.000695943832397
854 0.000745058059692
855 0.000864028930664
856 0.000782012939453
857 0.000658988952637
858 0.000715970993042
859 0.000706911087036
860 0.000745058059692
861 0.00113010406494
862 0.000777006149292
863 0.000674962997437
864 0.000893115997314
865 0.000703096389771
867 0.000829935073853
868 0.000924110412598
869 0.000814199447632
870 0.00098991394043
871 0.00098991394043
873 0.000735998153687
875 0.00114417076111
876 0.000676155090332
877 0.000833988189697
878 0.00081992149353
879 0.000713109970093
880 0.00102996826172
881 0.000683069229126
882 0.000688076019287
883 0.000787973403931
884 0.000821113586426
886 0.000699043273926
888 0.00114893913269
889 0.00077486038208
890 0.000884771347046
891 0.000799894332886
892 0.000998973846436
893 0.000760793685913
894 0.000736951828003
895 0.000839948654175
896 0.000734090805054
897 0.000838994979858
898 0.000786066055298
899 0.000731945037842
900 0.00122785568237
902 0.00104117393494
904 0.00154995918274
906 0.000797033309937
907 0.000775098800659
908 0.000798940658569
909 0.00092887878418
910 0.000791072845459
912 0.000982999801636
913 0.000831127166748
914 0.000838994979858
915 0.00072979927063
916 0.00103616714478
918 0.000764131546021
919 0.000720024108887
920 0.000957012176514
921 0.000761032104492
922 0.000752210617065
923 0.000900030136108
924 0.000769138336182
925 0.00130200386047
926 0.000732898712158
927 0.000861883163452
928 0.000771045684814
929 0.000766038894653
930 0.000858068466187
931 0.000849008560181
932 0.000793933868408
933 0.000832080841064
934 0.00088906288147
935 0.000799894332886
936 0.00137710571289
937 0.000861883163452
938 0.000730037689209
939 0.000823020935059
940 0.000725984573364
941 0.000860929489136
942 0.000756025314331
943 0.00143003463745
944 0.000815868377686
945 0.000768899917603
946 0.00144195556641
947 0.000784873962402
948 0.000785112380981
949 0.00096607208252
950 0.00103282928467
951 0.000802993774414
952 0.000781059265137
953 0.000904083251953
954 0.000895023345947
955 0.000749111175537
956 0.000839948654175
958 0.00151610374451
959 0.000784158706665
960 0.00084400177002
961 0.000828981399536
962 0.00102591514587
963 0.000797033309937
964 0.00083589553833
965 0.000846862792969
966 0.00153708457947
967 0.00141000747681
969 0.000859975814819
970 0.00084400177002
971 0.000864028930664
972 0.000741004943848
973 0.00082802772522
975 0.000936031341553
976 0.000890970230103
977 0.000772953033447
978 0.000833034515381
979 0.000848054885864
981 0.000900983810425
982 0.00106406211853
983 0.000849008560181
984 0.00078010559082
986 0.000952959060669
987 0.000807046890259
988 0.00088095664978
990 0.0016028881073
991 0.00139498710632
992 0.000923871994019
993 0.000922918319702
994 0.000791072845459
995 0.00110101699829
996 0.000868082046509
998 0.00084400177002
999 0.000793933868408
