1 6.19888305664e-06
2 5.00679016113e-06
3 4.05311584473e-06
4 8.10623168945e-06
5 6.91413879395e-06
6 5.96046447754e-06
7 9.05990600586e-06
8 9.05990600586e-06
9 1.31130218506e-05
10 7.86781311035e-06
11 8.10623168945e-06
12 1.50203704834e-05
13 1.09672546387e-05
14 1.19209289551e-05
15 6.91413879395e-06
16 1.31130218506e-05
17 1.00135803223e-05
18 1.90734863281e-05
19 1.38282775879e-05
20 1.19209289551e-05
21 2.00271606445e-05
22 2.00271606445e-05
23 1.81198120117e-05
24 1.59740447998e-05
25 1.19209289551e-05
26 1.21593475342e-05
27 1.69277191162e-05
28 2.00271606445e-05
29 1.4066696167e-05
30 1.28746032715e-05
31 2.09808349609e-05
32 1.38282775879e-05
33 1.59740447998e-05
34 2.19345092773e-05
35 1.50203704834e-05
36 1.4066696167e-05
37 1.59740447998e-05
38 1.50203704834e-05
39 2.19345092773e-05
40 1.50203704834e-05
41 2.00271606445e-05
42 2.09808349609e-05
43 1.71661376953e-05
44 1.90734863281e-05
45 3.09944152832e-05
46 2.00271606445e-05
47 2.31266021729e-05
48 1.81198120117e-05
49 1.81198120117e-05
50 1.62124633789e-05
51 2.40802764893e-05
52 2.09808349609e-05
53 2.59876251221e-05
54 3.09944152832e-05
55 2.19345092773e-05
56 3.31401824951e-05
57 1.59740447998e-05
58 4.2200088501e-05
59 2.00271606445e-05
60 2.121925354e-05
61 2.00271606445e-05
62 2.09808349609e-05
63 2.09808349609e-05
64 2.21729278564e-05
65 2.88486480713e-05
66 2.50339508057e-05
67 2.8133392334e-05
68 2.09808349609e-05
69 2.19345092773e-05
70 2.00271606445e-05
71 1.90734863281e-05
72 1.59740447998e-05
73 3.19480895996e-05
74 2.50339508057e-05
75 2.38418579102e-05
76 4.00543212891e-05
77 2.88486480713e-05
78 4.00543212891e-05
79 2.59876251221e-05
80 2.50339508057e-05
81 3.00407409668e-05
82 2.59876251221e-05
83 4.00543212891e-05
84 2.31266021729e-05
85 2.8133392334e-05
86 2.19345092773e-05
87 2.90870666504e-05
88 2.38418579102e-05
89 2.40802764893e-05
90 3.50475311279e-05
91 2.19345092773e-05
92 3.50475311279e-05
93 2.90870666504e-05
94 3.09944152832e-05
95 3.981590271e-05
96 2.00271606445e-05
97 2.90870666504e-05
98 3.00407409668e-05
99 3.00407409668e-05
100 3.00407409668e-05
101 4.91142272949e-05
102 3.50475311279e-05
103 4.60147857666e-05
104 2.50339508057e-05
105 3.00407409668e-05
106 3.19480895996e-05
107 3.2901763916e-05
108 4.50611114502e-05
109 2.78949737549e-05
110 3.69548797607e-05
111 4.19616699219e-05
112 3.19480895996e-05
113 2.8133392334e-05
114 3.31401824951e-05
115 3.88622283936e-05
116 2.98023223877e-05
117 3.09944152832e-05
118 3.50475311279e-05
119 3.60012054443e-05
120 3.2901763916e-05
121 3.60012054443e-05
122 5.79357147217e-05
123 3.71932983398e-05
124 4.19616699219e-05
125 3.19480895996e-05
126 3.79085540771e-05
127 4.79221343994e-05
128 4.6968460083e-05
129 3.19480895996e-05
130 3.69548797607e-05
131 3.60012054443e-05
132 3.79085540771e-05
133 4.29153442383e-05
134 3.48091125488e-05
135 4.50611114502e-05
136 3.50475311279e-05
137 3.69548797607e-05
138 5.91278076172e-05
139 4.00543212891e-05
140 4.60147857666e-05
141 3.981590271e-05
142 4.60147857666e-05
143 3.69548797607e-05
144 4.10079956055e-05
145 3.88622283936e-05
146 7.29560852051e-05
147 4.79221343994e-05
148 4.6968460083e-05
149 5.31673431396e-05
150 4.81605529785e-05
151 5.81741333008e-05
152 3.69548797607e-05
153 4.00543212891e-05
154 5.00679016113e-05
155 4.79221343994e-05
156 7.10487365723e-05
157 4.10079956055e-05
158 4.38690185547e-05
159 4.2200088501e-05
160 7.58171081543e-05
161 4.00543212891e-05
162 4.29153442383e-05
163 4.81605529785e-05
164 7.9870223999e-05
165 4.19616699219e-05
166 5.00679016113e-05
167 4.10079956055e-05
168 4.29153442383e-05
169 6.41345977783e-05
170 7.29560852051e-05
171 5.19752502441e-05
172 4.60147857666e-05
173 7.29560852051e-05
174 4.50611114502e-05
175 9.20295715332e-05
176 4.60147857666e-05
177 4.19616699219e-05
178 0.000101089477539
179 5.19752502441e-05
180 7.9870223999e-05
181 4.60147857666e-05
182 4.60147857666e-05
183 4.88758087158e-05
184 8.98838043213e-05
185 4.2200088501e-05
186 5.10215759277e-05
187 5.29289245605e-05
188 4.6968460083e-05
189 5.29289245605e-05
190 4.88758087158e-05
191 5.07831573486e-05
192 5.41210174561e-05
193 6.103515625e-05
194 4.88758087158e-05
195 5.50746917725e-05
196 5.50746917725e-05
197 7.89165496826e-05
198 5.19752502441e-05
199 6.89029693604e-05
200 6.19888305664e-05
201 5.29289245605e-05
202 5.79357147217e-05
203 7.60555267334e-05
204 5.00679016113e-05
205 5.69820404053e-05
206 5.79357147217e-05
207 0.000102996826172
208 6.69956207275e-05
209 5.60283660889e-05
210 5.79357147217e-05
211 5.10215759277e-05
212 6.103515625e-05
213 6.00814819336e-05
214 4.88758087158e-05
215 6.79492950439e-05
216 6.29425048828e-05
217 7.20024108887e-05
218 9.48905944824e-05
219 5.10215759277e-05
220 5.60283660889e-05
221 5.60283660889e-05
222 5.3882598877e-05
223 6.41345977783e-05
224 6.50882720947e-05
225 5.48362731934e-05
226 6.48498535156e-05
227 4.60147857666e-05
228 5.19752502441e-05
229 4.6968460083e-05
230 5.50746917725e-05
231 6.29425048828e-05
232 5.3882598877e-05
233 5.29289245605e-05
234 6.19888305664e-05
235 5.60283660889e-05
236 5.88893890381e-05
237 6.69956207275e-05
238 5.50746917725e-05
239 6.00814819336e-05
240 5.60283660889e-05
241 6.79492950439e-05
242 4.50611114502e-05
243 6.103515625e-05
244 5.69820404053e-05
245 6.103515625e-05
246 6.69956207275e-05
247 6.8187713623e-05
248 5.79357147217e-05
249 6.19888305664e-05
250 9.60826873779e-05
251 5.81741333008e-05
252 9.48905944824e-05
253 0.000111103057861
254 6.50882720947e-05
255 6.103515625e-05
256 6.00814819336e-05
257 6.103515625e-05
258 6.00814819336e-05
259 5.19752502441e-05
260 6.38961791992e-05
261 6.07967376709e-05
262 6.89029693604e-05
263 0.000112056732178
264 9.60826873779e-05
265 7.29560852051e-05
266 6.00814819336e-05
267 6.48498535156e-05
268 0.000116109848022
269 6.98566436768e-05
270 0.000111103057861
271 7.89165496826e-05
272 9.48905944824e-05
273 7.39097595215e-05
274 6.48498535156e-05
275 6.72340393066e-05
276 0.000124931335449
277 7.20024108887e-05
278 7.39097595215e-05
279 7.20024108887e-05
280 6.41345977783e-05
281 0.000105142593384
282 5.88893890381e-05
283 6.79492950439e-05
284 6.48498535156e-05
285 6.41345977783e-05
286 6.41345977783e-05
287 0.000138998031616
288 6.5803527832e-05
289 6.91413879395e-05
290 6.69956207275e-05
291 7.91549682617e-05
292 7.00950622559e-05
293 8.20159912109e-05
294 7.91549682617e-05
295 7.70092010498e-05
296 6.19888305664e-05
297 6.79492950439e-05
298 9.3936920166e-05
299 9.10758972168e-05
300 0.000112056732178
301 6.60419464111e-05
302 8.01086425781e-05
303 7.41481781006e-05
304 0.000111103057861
305 7.79628753662e-05
306 8.10623168945e-05
307 7.39097595215e-05
308 0.000104904174805
309 7.70092010498e-05
310 9.48905944824e-05
311 7.5101852417e-05
312 8.10623168945e-05
313 7.58171081543e-05
314 8.39233398438e-05
315 7.39097595215e-05
316 7.41481781006e-05
317 7.48634338379e-05
318 9.10758972168e-05
319 7.48634338379e-05
320 8.70227813721e-05
321 7.10487365723e-05
322 8.39233398438e-05
323 7.5101852417e-05
324 8.39233398438e-05
325 7.41481781006e-05
326 0.000127077102661
327 7.29560852051e-05
328 7.89165496826e-05
329 7.70092010498e-05
330 9.58442687988e-05
331 8.39233398438e-05
332 8.79764556885e-05
333 9.70363616943e-05
334 8.60691070557e-05
335 7.60555267334e-05
336 9.29832458496e-05
337 0.000103950500488
338 7.9870223999e-05
339 7.48634338379e-05
340 8.6784362793e-05
341 7.82012939453e-05
342 7.20024108887e-05
343 9.29832458496e-05
344 9.89437103271e-05
345 7.70092010498e-05
346 8.70227813721e-05
347 7.89165496826e-05
348 8.70227813721e-05
349 9.79900360107e-05
350 8.89301300049e-05
351 0.000113010406494
352 7.67707824707e-05
353 8.89301300049e-05
354 9.79900360107e-05
355 9.48905944824e-05
356 6.79492950439e-05
357 0.000140905380249
358 8.98838043213e-05
359 7.79628753662e-05
360 8.6784362793e-05
361 7.79628753662e-05
362 9.01222229004e-05
363 8.89301300049e-05
364 8.20159912109e-05
365 8.9168548584e-05
366 7.79628753662e-05
367 9.10758972168e-05
368 8.39233398438e-05
369 0.000134944915771
370 0.000101089477539
371 0.000181913375854
372 0.000146150588989
373 9.29832458496e-05
374 8.79764556885e-05
375 8.58306884766e-05
376 9.10758972168e-05
377 0.000154972076416
378 8.58306884766e-05
379 9.10758972168e-05
380 8.60691070557e-05
381 0.000197887420654
382 8.41617584229e-05
383 0.000117063522339
384 8.39233398438e-05
385 0.000149011611938
386 0.000109910964966
387 9.67979431152e-05
388 9.79900360107e-05
389 0.000121116638184
390 0.000101089477539
391 0.000100135803223
392 9.79900360107e-05
393 8.29696655273e-05
394 0.0001540184021
395 0.000126123428345
396 0.000125885009766
397 0.000101089477539
398 9.3936920166e-05
399 0.000121831893921
400 0.000109910964966
401 0.000151872634888
402 9.60826873779e-05
403 0.000121116638184
404 9.3936920166e-05
405 8.70227813721e-05
406 9.79900360107e-05
407 9.41753387451e-05
408 0.0001060962677
409 0.000144958496094
410 0.000105142593384
411 0.000115156173706
412 0.000149011611938
413 9.98973846436e-05
414 0.000120878219604
415 0.000144004821777
416 0.000104904174805
417 0.000100135803223
418 0.000103950500488
419 0.000154972076416
420 0.000100135803223
421 8.89301300049e-05
422 0.000128984451294
423 8.89301300049e-05
424 0.000118970870972
425 9.79900360107e-05
426 9.70363616943e-05
427 0.000100135803223
428 9.20295715332e-05
429 0.000102043151855
430 0.000112056732178
431 0.000101089477539
432 9.51290130615e-05
433 0.000104904174805
434 0.000183820724487
435 0.000113010406494
436 0.000180006027222
437 0.000123977661133
438 8.10623168945e-05
439 9.98973846436e-05
440 0.000118017196655
441 0.000102043151855
442 0.000134944915771
443 0.000115156173706
444 0.000152826309204
445 0.000133037567139
446 0.000121831893921
447 0.000140905380249
448 0.000133037567139
449 0.000127077102661
450 0.000180006027222
451 0.000119209289551
452 0.000123977661133
453 0.000145196914673
454 0.000142097473145
455 0.000195026397705
456 0.000113964080811
457 0.000120162963867
458 0.000128030776978
459 0.00016188621521
460 0.000164031982422
461 0.000203132629395
462 0.000137090682983
463 0.0001060962677
464 0.000112056732178
465 0.000131845474243
466 0.000144958496094
467 0.000125885009766
468 0.000133037567139
469 0.000194072723389
470 0.000128030776978
471 0.000180959701538
472 0.0001220703125
473 0.000128984451294
474 0.000111103057861
475 0.000207185745239
476 0.00019097328186
477 0.000196933746338
478 0.000182867050171
479 0.000190019607544
480 0.000111103057861
481 0.000170946121216
482 0.00012993812561
483 0.000184059143066
484 0.000197172164917
485 0.00016713142395
486 0.000184059143066
487 0.0001220703125
488 0.000126123428345
489 0.00019097328186
490 0.000151872634888
491 0.000169038772583
492 0.000157833099365
493 0.000200033187866
494 0.000181913375854
495 0.000180959701538
496 0.000115156173706
497 0.000113964080811
498 0.000121831893921
499 0.000194072723389
500 0.000180006027222
501 0.000192165374756
502 0.0001380443573
503 0.000224113464355
504 0.000147104263306
505 0.000192880630493
506 0.000134944915771
507 0.000153064727783
508 0.000133991241455
509 0.000216960906982
510 0.000156164169312
511 0.000205993652344
512 0.000214815139771
513 0.000224828720093
514 0.000107049942017
515 0.000146865844727
516 0.000144958496094
517 0.000230073928833
518 0.000128030776978
519 0.000157117843628
520 0.000131130218506
521 0.000149011611938
522 0.000116109848022
523 0.000128984451294
524 0.000149011611938
525 0.000114917755127
526 0.000216960906982
527 0.000133037567139
528 0.000136137008667
529 0.000174999237061
530 0.000162124633789
531 0.000140905380249
532 0.000230073928833
533 0.000212907791138
534 0.000195980072021
535 0.000263929367065
536 0.000220060348511
537 0.000149965286255
538 0.000174045562744
539 0.000187158584595
540 0.000178813934326
541 0.000226020812988
542 0.00016188621521
543 0.000214815139771
544 0.000136852264404
545 0.0001380443573
546 0.000116109848022
547 0.000130176544189
548 0.000140905380249
549 0.000124216079712
550 0.000128984451294
551 0.000132083892822
552 0.000124931335449
553 0.000134944915771
554 0.000131845474243
555 0.000126123428345
556 0.000141143798828
557 0.000149011611938
558 0.000169992446899
559 0.000136137008667
560 0.000137090682983
561 0.000132083892822
562 0.000211000442505
563 0.00014591217041
564 0.000147104263306
565 0.000118970870972
566 0.000128984451294
567 0.000112056732178
568 0.000133037567139
569 0.000128984451294
570 0.000141859054565
571 0.00015115737915
572 0.000128984451294
573 0.000144958496094
574 0.000152826309204
575 0.000125885009766
576 0.00012993812561
577 0.000126123428345
578 0.000132083892822
579 0.000148057937622
580 0.000128030776978
581 0.000143051147461
582 0.000134944915771
583 0.000134229660034
584 0.00012993812561
585 0.000153064727783
586 0.00012993812561
587 0.000126123428345
588 0.0001380443573
589 0.000137090682983
590 0.000134944915771
591 0.000142097473145
592 0.000128984451294
593 0.000141859054565
594 0.000221014022827
595 0.000172853469849
596 0.0001380443573
597 0.000128984451294
598 0.000128030776978
599 0.000232219696045
600 0.00015115737915
601 0.000149965286255
602 0.000127077102661
603 0.000133991241455
604 0.000137090682983
605 0.000282049179077
606 0.000224828720093
607 0.000221967697144
608 0.000229835510254
609 0.0001380443573
610 0.000140905380249
611 0.000134944915771
612 0.000151872634888
613 0.000146865844727
614 0.000257015228271
615 0.000137090682983
616 0.000150918960571
617 0.000139951705933
618 0.000136852264404
619 0.000154972076416
620 0.000126838684082
621 0.000144958496094
622 0.000133037567139
623 0.000128984451294
624 0.00012993812561
625 0.000149965286255
626 0.000230073928833
627 0.000143051147461
628 0.000149011611938
629 0.000137090682983
630 0.000195026397705
631 0.000168085098267
632 0.000146865844727
633 0.000148057937622
634 0.000169992446899
635 0.000159025192261
636 0.000146865844727
637 0.000175952911377
638 0.000207901000977
639 0.000245094299316
640 0.00016713142395
641 0.00015115737915
642 0.000159025192261
643 0.000144004821777
644 0.000138998031616
645 0.000142097473145
646 0.000144004821777
647 0.000173807144165
648 0.000149011611938
649 0.000159025192261
650 0.000140905380249
651 0.000198125839233
652 0.000149965286255
653 0.000142812728882
654 0.000140905380249
655 0.000142812728882
656 0.000157833099365
657 0.000149011611938
658 0.000162839889526
659 0.0001540184021
660 0.000239133834839
661 0.00016713142395
662 0.000180959701538
663 0.000181913375854
664 0.000171184539795
665 0.000144958496094
666 0.000285863876343
667 0.0001540184021
668 0.000165939331055
669 0.000178098678589
670 0.000175952911377
671 0.000143051147461
672 0.000216960906982
673 0.000159025192261
674 0.000159025192261
675 0.000141859054565
676 0.000149965286255
677 0.000157117843628
678 0.000162124633789
679 0.000140905380249
680 0.000160932540894
681 0.000157833099365
682 0.000151872634888
683 0.000144958496094
684 0.000239133834839
685 0.000166893005371
686 0.000168085098267
687 0.000175952911377
688 0.000164985656738
689 0.00017786026001
690 0.000150918960571
691 0.000154972076416
692 0.000154972076416
693 0.000178098678589
694 0.000177145004272
695 0.000196933746338
696 0.000211954116821
697 0.000259876251221
698 0.000163078308105
699 0.000166893005371
700 0.000169038772583
701 0.000194072723389
702 0.000314950942993
703 0.000185966491699
704 0.000164985656738
705 0.000187873840332
706 0.000171899795532
707 0.000180006027222
708 0.000184059143066
709 0.000174045562744
710 0.000236988067627
711 0.000305891036987
712 0.000169038772583
713 0.00023889541626
714 0.000166893005371
715 0.000213146209717
716 0.000170946121216
717 0.000264883041382
718 0.000155925750732
719 0.000313997268677
720 0.000149011611938
721 0.000232934951782
722 0.000262022018433
723 0.000245094299316
724 0.000170230865479
725 0.000180006027222
726 0.000174045562744
727 0.000165939331055
728 0.000168085098267
729 0.00029182434082
730 0.000149965286255
731 0.000226974487305
732 0.000160217285156
733 0.000149011611938
734 0.000187158584595
735 0.000169992446899
736 0.000160932540894
737 0.000167846679688
738 0.000208139419556
739 0.00016713142395
740 0.000166893005371
741 0.000263929367065
742 0.000160932540894
743 0.000184059143066
744 0.000173091888428
745 0.000192880630493
746 0.000174999237061
747 0.00019097328186
748 0.000179052352905
749 0.000182867050171
750 0.000180006027222
751 0.000230073928833
752 0.000180959701538
753 0.000159978866577
754 0.00019907951355
755 0.000178098678589
756 0.000194072723389
757 0.000180959701538
758 0.000184059143066
759 0.000190019607544
760 0.000203132629395
761 0.000275850296021
762 0.000170946121216
763 0.000186920166016
764 0.000174999237061
765 0.000207901000977
766 0.000255107879639
767 0.00016713142395
768 0.000158071517944
769 0.000170946121216
770 0.000205993652344
771 0.000164985656738
772 0.000176906585693
773 0.000201940536499
774 0.000247001647949
775 0.000277996063232
776 0.000184059143066
777 0.00032114982605
778 0.000174045562744
779 0.000174999237061
780 0.000192165374756
781 0.000169992446899
782 0.000189065933228
783 0.000164985656738
784 0.000191926956177
785 0.000328063964844
786 0.00032901763916
787 0.000165939331055
788 0.000200033187866
789 0.000166893005371
790 0.000197887420654
791 0.000194072723389
792 0.000196933746338
793 0.000243186950684
794 0.000225782394409
795 0.000191926956177
796 0.000295162200928
797 0.000298976898193
798 0.00029993057251
799 0.00025486946106
800 0.000195980072021
801 0.00032901763916
802 0.000251054763794
803 0.000262975692749
804 0.000192880630493
805 0.000311851501465
806 0.00031304359436
807 0.000326871871948
808 0.000231027603149
809 0.000223875045776
810 0.000192165374756
811 0.000312089920044
812 0.000181913375854
813 0.000293970108032
814 0.000256776809692
815 0.000187158584595
816 0.000205039978027
817 0.000211954116821
818 0.000319004058838
819 0.000303983688354
820 0.000191926956177
821 0.000165939331055
822 0.00032901763916
823 0.00018310546875
824 0.000287055969238
825 0.000191926956177
826 0.000192165374756
827 0.000306844711304
828 0.000216007232666
829 0.000251054763794
830 0.000300884246826
831 0.000326871871948
832 0.000223159790039
833 0.000226020812988
834 0.000249862670898
835 0.000326156616211
836 0.000236988067627
837 0.000253915786743
838 0.000352144241333
839 0.000200986862183
840 0.000335931777954
841 0.000213146209717
842 0.000247001647949
843 0.0002601146698
844 0.000357866287231
845 0.000339031219482
846 0.0002121925354
847 0.00036096572876
848 0.000296115875244
849 0.000269889831543
850 0.000255107879639
851 0.000202894210815
852 0.000230073928833
853 0.0002281665802
854 0.000221014022827
855 0.000246047973633
856 0.000196218490601
857 0.000194072723389
858 0.000225067138672
859 0.000217914581299
860 0.000229835510254
861 0.000201940536499
862 0.000235080718994
863 0.000298023223877
864 0.000195026397705
865 0.000341892242432
866 0.000221014022827
867 0.000204086303711
868 0.000338077545166
869 0.000343084335327
870 0.000205039978027
871 0.000334024429321
872 0.000210046768188
873 0.000339031219482
874 0.000334978103638
875 0.000208139419556
876 0.000372171401978
877 0.000211954116821
878 0.000279903411865
879 0.00035285949707
880 0.000323057174683
881 0.000361204147339
882 0.000191926956177
883 0.000221014022827
884 0.000240087509155
885 0.000195026397705
886 0.000257015228271
887 0.000263929367065
888 0.000219106674194
889 0.000210046768188
890 0.000220060348511
891 0.000253915786743
892 0.000223875045776
893 0.000192880630493
894 0.000263929367065
895 0.000205039978027
896 0.000252962112427
897 0.000226974487305
898 0.000226974487305
899 0.000192880630493
900 0.000216960906982
901 0.000205993652344
902 0.000197887420654
903 0.000213861465454
904 0.000190019607544
905 0.000197172164917
906 0.000252962112427
907 0.000189065933228
908 0.000195980072021
909 0.000349998474121
910 0.000199794769287
911 0.000234842300415
912 0.000205993652344
913 0.000247955322266
914 0.000212907791138
915 0.000187873840332
916 0.000343084335327
917 0.000198125839233
918 0.000240087509155
919 0.000198841094971
920 0.000218152999878
921 0.000205039978027
922 0.000221014022827
923 0.000365018844604
924 0.000252962112427
925 0.000232934951782
926 0.000247001647949
927 0.000231027603149
928 0.000252962112427
929 0.000225067138672
930 0.000232219696045
931 0.000201940536499
932 0.000210046768188
933 0.000220060348511
934 0.000183820724487
935 0.000216960906982
936 0.000207901000977
937 0.000216960906982
938 0.000210046768188
939 0.000220060348511
940 0.00022292137146
941 0.000247001647949
942 0.000236034393311
943 0.000209093093872
944 0.00022292137146
945 0.000213146209717
946 0.00022292137146
947 0.000218868255615
948 0.000241041183472
949 0.000236034393311
950 0.000231981277466
951 0.00038480758667
952 0.000220060348511
953 0.000250101089478
954 0.000195980072021
955 0.000208854675293
956 0.000217199325562
957 0.000221967697144
958 0.000220060348511
959 0.000211954116821
960 0.000263929367065
961 0.000201940536499
962 0.000213146209717
963 0.000230073928833
964 0.000210046768188
965 0.000230073928833
966 0.000228881835938
967 0.000205993652344
968 0.000223875045776
969 0.000221014022827
970 0.00020694732666
971 0.000209093093872
972 0.000225067138672
973 0.000211000442505
974 0.000213861465454
975 0.000241994857788
976 0.000207185745239
977 0.000216960906982
978 0.000216007232666
979 0.00022292137146
980 0.000233888626099
981 0.000252962112427
982 0.00031590461731
983 0.00036096572876
984 0.000353097915649
985 0.000288009643555
986 0.000203132629395
987 0.000230073928833
988 0.000213146209717
989 0.00020694732666
990 0.000241041183472
991 0.000223159790039
992 0.000237941741943
993 0.000235080718994
994 0.00025200843811
995 0.000229120254517
996 0.000241994857788
997 0.000213146209717
998 0.000241994857788
999 0.000211954116821
